0
0
29
182
74
0
11
0
-2473
-1961
0
0
0
0
3
-4
10
11
12
79
0
-3214
-2483
0
-2240
0
0
0
0
7
60
0
0
0
0
0
0
-1667
-2467
-2230
-1532
-1429
-1756
49
257
53
12
8
0
0
-992
-2712
-2577
-2856
-1
-4
30
-1205
-1102
-772
-1019
-2088
-2456
-2273
-1823
0
0
121
3
104
3
-1
-4
36
0
-1770
0
-455
-2074
-3157
0
0
-4
-14
-8
0
0
0
-1595
-1301
-3562
0
0
17
0
48
0
0
0
157
-1764
-1760
-1201
-2300
-2115
0
-7
0
125
187
110
159
-4
-20
-1
-1860
-2681
-2240
-1497
-1220
0
-11
0
0
40
58
19
22
13
237
0
0
0
0
0
0
0
0
0
157
15
11
-2116
0
0
-3489
0
30
32
-2961
-2596
-944
-1232
0
-2338
-2033
-3512
-2522
-1850
-1709
-1963
-2143
-1930
-1870
0
-3065
0
-2348
0
89
126
51
56
0
0
0
51
2
9
0
0
10
1
-2509
-2174
88
0
0
-3807
-32
-2935
-1932
-1897
-1985
0
0
17
0
106
0
-4
110
-2490
9
13
-1
2
0
-2229
-2233
-2458
0
0
0
-3455
0
12
-8
-3966
-1535
-1562
-3272
-1898
-1952
-1725
-1472
-3036
0
-1994
-1805
2
-4
215
50
-1
-4
64
36
66
9
12
19
0
0
14
50
-4
0
-1029
-715
3
11
24
19
171
52
11
-1
11
-932
-1317
-1440
0
24
-1
-8
-8
-1
18
-4
0
-3195
-2179
0
0
0
0
0
-1824
32
108
1
57
-3193
0
-2595
-1921
-2073
-2199
-2183
0
0
0
0
-1508
-3382
0
27
0
-3362
-2745
-2471
-1545
-1379
0
-11
-4
0
-2377
-2654
-2440
-1734
0
12
559
-1819
-1415
-1400
0
0
0
58
0
0
0
-3113
0
0
-2633
0
41
-1
-1679
-1944
-2381
-2016
0
0
0
0
0
-5303
-2981
-1872
0
0
-2108
-2155
-2879
-2198
-976
-823
-603
-954
0
-1820
-2146
-2385
0
2
86
1643
19
64
2
0
0
0
0
-1815
-1629
-727
0
-2232
-3359
-1763
-3745
-2630
-4380
-1931
0
0
0
18
-1677
-2084
-2201
-2042
-1483
-1475
-1950
-3694
-2276
-1808
-1202
-1227
0
0
0
0
0
0
0
0
-4
-2889
-2450
71
242
9
0
62
12
-3529
-3528
0
19
31
-2426
0
0
-1
0
0
-4
-4
-1505
-3055
-2426
-1631
-1820
-2315
0
2
0
0
0
0
0
140
-1993
-1532
-1083
0
0
21
2
-8
1
-1
2
-1985
-1811
-2896
-2489
0
126
16
-694
1
-4
15
-14
-4
-7
2
-1
-4
53
-8
1
-4
60
100
-2213
-1592
0
0
0
229
-1
0
27
64
201
0
0
0
-2009
-2378
-2021
0
-2493
-2228
-1562
-1337
-748
-2747
-3189
-1546
-1310
-1062
-1239
-1283
-1442
-944
-686
-2420
-2498
-1607
-4
-4
-1
0
-2440
-5282
-2240
-1373
0
36
80
0
-5197
59
-1
-4
-1
-4
5
0
-4
-4
-28
9
3
88
19
77
-23
44
-4
-4
79
-8
-4
38
179
126
18
0
0
0
0
0
-8
85
14
11
-4
0
-2200
0
11
8
14
7
-4
-1
1
-11
-1
26
-19
0
-1658
0
160
14
324
-2216
-1826
-1555
-2060
-2197
0
0
0
-35
98
-1830
-4324352
4321696
-1179
-1034
-1649
-1903
-1601
-1550
-1814
-1694
-979
-1195
118
57
0
0
0
-1978
-1619
-1838
94
9
-4
-1025
-968
-716
-3705
0
4
0
4
-1
11
0
-8
57
0
0
-2087
-1850
-1847
-1514
-1793
-6424
-5369
44
40
0
0
-1574
-2891
0
-1
0
0
0
26
274
1
37
0
0
0
0
218
0
0
16
16
-1631
-2561
-584
-1198
-1985
-1839
-1439
-1802
0
3966416
20
0
-2664
11
0
-1583
-1646
-1472
-1112
3815126
3
412
66
319
76
-590
-1350
-2154
18
6
5
6
4
41
-1011
-2682
-3370
-816
-1347
-1157
0
110
194
0
0
-2246
91
3
-2247
0
852868
-7
-1
15
300
14
274
-1
61
59
-3233
25
70
-1338
-1419
0
155
0
0
0
0
0
0
0
-3035
0
-3515
0
-4
10
3
104
66
-8
3183812
-1142
0
0
0
0
0
0
-3309
-2481
-1913
-1454
-1045
12
-4
-4
0
189873
257
22
27
10
-2531
-1384
-940
-973
-1901
81
1
0
-2475
-837
-607
-524
-1312
-3386
-2692
0
34
9
0
-1
-4
0
0
-3127
0
0
0
0
-4
47
1287086
12
13
-4
0
-1315
0
0
-3182
-2678
-1382
-1
-2002
0
0
0
0
-2486
0
7
-2156
-1915
-1770
-2059
-2099
-2076
-1733
-1621
-1958
-2150
0
-3373
-934
-784
-796
-951
-707
-558
-680
0
0
-4
-4
3
64
22
-7
-11
35
-17
60
87
0
0
0
0
3
35
0
0
76
-1
-8
0
3
3
-1
-2750
-2754
-1380
-1451
-1602
19
55
-4
56
0
-1712
-3010
0
112
0
0
0
-1
1
0
-11
15
0
0
0
-4165
-2670
-11
11
3420133
9
7
0
-760
-1198
0
0
0
11
117
2
12
3
-4
-8
-7
-825
-782
-1487
-1122
-425
-1075
0
0
0
0
0
-29
18
9
-8
85
75
85
2
-1120
-1280
-1281
0
-43
0
-404
0
0
-692
104
0
-1120
-1396
-1073
0
0
0
0
0
